========== Evaluation Results ==========
F1ScoreResult:
Metric target: MetricTarget.BOXES
Averaging method: AveragingMethod.WEIGHTED
F1 @ 50:     0.8670
F1 @ 75:     0.8215
F1 @ thresh: [    0.86696     0.86487     0.85967     0.85548     0.84251     0.82146     0.77257      0.5896     0.35075    0.089968]
IoU thresh:  [        0.5        0.55         0.6        0.65         0.7        0.75         0.8        0.85         0.9        0.95]
F1 per class:
  0: [    0.66667     0.66667     0.61333     0.61333     0.61333     0.61333     0.58667     0.37333     0.13333           0]
  1: [    0.95873     0.95873     0.95873     0.95873     0.94603     0.92698     0.88254     0.74286     0.52063     0.17143]
  2: [    0.95726     0.95726     0.95726     0.94017     0.92308     0.87179     0.77778     0.51282     0.22222    0.042735]
  3: [     0.7619      0.7619      0.7619      0.7619     0.71429     0.71429     0.71429     0.66667     0.42857    0.047619]
  4: [    0.91589      0.8972      0.8972      0.8972      0.8972      0.8972     0.85981     0.80374     0.65421     0.18692]
  5: [    0.67114     0.67114     0.67114     0.67114     0.65772      0.6443     0.61745     0.36242     0.10738           0]

Small objects:
  F1ScoreResult:
  Metric target: MetricTarget.BOXES
  Averaging method: AveragingMethod.WEIGHTED
  F1 @ 50:     0.7018
  F1 @ 75:     0.6696
  F1 @ thresh: [     0.7018      0.7018     0.69019     0.69019     0.67468     0.66958      0.6377        0.42     0.18729    0.010847]
  IoU thresh:  [        0.5        0.55         0.6        0.65         0.7        0.75         0.8        0.85         0.9        0.95]
  F1 per class:
    0: [    0.66667     0.66667     0.61333     0.61333     0.61333     0.61333     0.58667     0.37333     0.13333           0]
    1: [     0.7619      0.7619      0.7619      0.7619     0.66667     0.66667     0.66667     0.66667     0.28571           0]
    2: [     0.7033      0.7033      0.7033      0.7033      0.7033      0.7033     0.63736     0.35165     0.21978    0.021978]
    3: [        0.8         0.8         0.8         0.8        0.75        0.75        0.75         0.7        0.45        0.05]
    4: [          1           1           1           1           1           1           1           1           0           0]
    5: [    0.68027     0.68027     0.68027     0.68027     0.66667     0.65306     0.62585     0.36735     0.10884           0]
  
Medium objects:
  F1ScoreResult:
  Metric target: MetricTarget.BOXES
  Averaging method: AveragingMethod.WEIGHTED
  F1 @ 50:     0.9362
  F1 @ 75:     0.9170
  F1 @ thresh: [    0.93615     0.93615     0.93615     0.93615     0.93234     0.91696     0.86694     0.72837      0.4852      0.1566]
  IoU thresh:  [        0.5        0.55         0.6        0.65         0.7        0.75         0.8        0.85         0.9        0.95]
  F1 per class:
    1: [    0.97945     0.97945     0.97945     0.97945      0.9726     0.95205     0.90411     0.75342      0.5411     0.18493]
    2: [    0.86614     0.86614     0.86614     0.86614     0.86614     0.85039      0.7874     0.61417     0.22047    0.062992]
    4: [    0.90196     0.90196     0.90196     0.90196     0.90196     0.90196     0.86275     0.80392     0.66667     0.19608]
  
Large objects:
  F1ScoreResult:
  Metric target: MetricTarget.BOXES
  Averaging method: AveragingMethod.WEIGHTED
  F1 @ 50:     0.0000
  F1 @ 75:     0.0000
  F1 @ thresh: [          0           0           0           0           0           0           0           0           0           0]
  IoU thresh:  [        0.5        0.55         0.6        0.65         0.7        0.75         0.8        0.85         0.9        0.95]
  F1 per class:
    4: [          0           0           0           0           0           0           0           0           0           0]
  
RecallResult:
Metric target:    MetricTarget.BOXES
Averaging method: AveragingMethod.WEIGHTED
R @ 50:     0.8361
R @ 75:     0.7925
R @ thresh: [     0.8361     0.83402     0.82988     0.82573     0.81328     0.79253     0.74481     0.57054     0.34232    0.089212]
IoU thresh: [        0.5        0.55         0.6        0.65         0.7        0.75         0.8        0.85         0.9        0.95]
Recall per class:
  0: [    0.53191     0.53191     0.48936     0.48936     0.48936     0.48936     0.46809     0.29787     0.10638           0]
  1: [     0.9557      0.9557      0.9557      0.9557     0.94304     0.92405     0.87975     0.74051     0.51899     0.17089]
  2: [    0.94915     0.94915     0.94915      0.9322     0.91525     0.86441     0.77119     0.50847     0.22034    0.042373]
  3: [    0.66667     0.66667     0.66667     0.66667       0.625       0.625       0.625     0.58333       0.375    0.041667]
  4: [    0.90741     0.88889     0.88889     0.88889     0.88889     0.88889     0.85185      0.7963     0.64815     0.18519]
  5: [    0.61728     0.61728     0.61728     0.61728     0.60494     0.59259      0.5679     0.33333    0.098765           0]

Small objects:
  RecallResult:
  Metric target:    MetricTarget.BOXES
  Averaging method: AveragingMethod.WEIGHTED
  R @ 50:     0.6111
  R @ 75:     0.5833
  R @ thresh: [    0.61111     0.61111     0.60185     0.60185     0.58796     0.58333     0.55556     0.36574     0.16204   0.0092593]
  IoU thresh: [        0.5        0.55         0.6        0.65         0.7        0.75         0.8        0.85         0.9        0.95]
  Recall per class:
    0: [    0.53191     0.53191     0.48936     0.48936     0.48936     0.48936     0.46809     0.29787     0.10638           0]
    1: [    0.72727     0.72727     0.72727     0.72727     0.63636     0.63636     0.63636     0.63636     0.27273           0]
    2: [    0.61538     0.61538     0.61538     0.61538     0.61538     0.61538     0.55769     0.30769     0.19231    0.019231]
    3: [    0.66667     0.66667     0.66667     0.66667       0.625       0.625       0.625     0.58333       0.375    0.041667]
    4: [          1           1           1           1           1           1           1           1           0           0]
    5: [    0.61728     0.61728     0.61728     0.61728     0.60494     0.59259      0.5679     0.33333    0.098765           0]
  
Medium objects:
  RecallResult:
  Metric target:    MetricTarget.BOXES
  Averaging method: AveragingMethod.WEIGHTED
  R @ 50:     0.9242
  R @ 75:     0.9053
  R @ thresh: [    0.92424     0.92424     0.92424     0.92424     0.92045      0.9053     0.85606      0.7197     0.48106      0.1553]
  IoU thresh: [        0.5        0.55         0.6        0.65         0.7        0.75         0.8        0.85         0.9        0.95]
  Recall per class:
    1: [    0.97279     0.97279     0.97279     0.97279     0.96599     0.94558     0.89796      0.7483     0.53741     0.18367]
    2: [    0.83333     0.83333     0.83333     0.83333     0.83333     0.81818     0.75758     0.59091     0.21212    0.060606]
    4: [    0.90196     0.90196     0.90196     0.90196     0.90196     0.90196     0.86275     0.80392     0.66667     0.19608]
  
Large objects:
  RecallResult:
  Metric target:    MetricTarget.BOXES
  Averaging method: AveragingMethod.WEIGHTED
  R @ 50:     0.0000
  R @ 75:     0.0000
  R @ thresh: [          0           0           0           0           0           0           0           0           0           0]
  IoU thresh: [        0.5        0.55         0.6        0.65         0.7        0.75         0.8        0.85         0.9        0.95]
  Recall per class:
    4: [          0           0           0           0           0           0           0           0           0           0]
  
PrecisionResult:
Metric target:    MetricTarget.BOXES
Averaging method: AveragingMethod.WEIGHTED
P @ 50:     0.9101
P @ 75:     0.8618
P @ thresh: [    0.91011       0.908     0.90103     0.89681     0.88318     0.86178      0.8113     0.61602     0.36214     0.09083]
IoU thresh: [        0.5        0.55         0.6        0.65         0.7        0.75         0.8        0.85         0.9        0.95]
Precision per class:
  0: [    0.89286     0.89286     0.82143     0.82143     0.82143     0.82143     0.78571         0.5     0.17857           0]
  1: [    0.96178     0.96178     0.96178     0.96178     0.94904     0.92994     0.88535     0.74522     0.52229     0.17197]
  2: [    0.96552     0.96552     0.96552     0.94828     0.93103     0.87931     0.78448     0.51724     0.22414    0.043103]
  3: [    0.88889     0.88889     0.88889     0.88889     0.83333     0.83333     0.83333     0.77778         0.5    0.055556]
  4: [    0.92453     0.90566     0.90566     0.90566     0.90566     0.90566     0.86792     0.81132     0.66038     0.18868]
  5: [    0.73529     0.73529     0.73529     0.73529     0.72059     0.70588     0.67647     0.39706     0.11765           0]

Small objects:
  PrecisionResult:
  Metric target:    MetricTarget.BOXES
  Averaging method: AveragingMethod.WEIGHTED
  P @ 50:     0.8324
  P @ 75:     0.7934
  P @ thresh: [    0.83238     0.83238     0.81684     0.81684     0.79912     0.79344     0.75579     0.49847     0.22382    0.013117]
  IoU thresh: [        0.5        0.55         0.6        0.65         0.7        0.75         0.8        0.85         0.9        0.95]
  Precision per class:
    0: [    0.89286     0.89286     0.82143     0.82143     0.82143     0.82143     0.78571         0.5     0.17857           0]
    1: [        0.8         0.8         0.8         0.8         0.7         0.7         0.7         0.7         0.3           0]
    2: [    0.82051     0.82051     0.82051     0.82051     0.82051     0.82051     0.74359     0.41026     0.25641    0.025641]
    3: [          1           1           1           1      0.9375      0.9375      0.9375       0.875      0.5625      0.0625]
    4: [          1           1           1           1           1           1           1           1           0           0]
    5: [    0.75758     0.75758     0.75758     0.75758     0.74242     0.72727     0.69697     0.40909     0.12121           0]
  
Medium objects:
  PrecisionResult:
  Metric target:    MetricTarget.BOXES
  Averaging method: AveragingMethod.WEIGHTED
  P @ 50:     0.9488
  P @ 75:     0.9293
  P @ thresh: [    0.94879     0.94879     0.94879     0.94879     0.94495     0.92933     0.87848     0.73755     0.48953     0.15796]
  IoU thresh: [        0.5        0.55         0.6        0.65         0.7        0.75         0.8        0.85         0.9        0.95]
  Precision per class:
    1: [    0.98621     0.98621     0.98621     0.98621     0.97931     0.95862     0.91034     0.75862     0.54483     0.18621]
    2: [    0.90164     0.90164     0.90164     0.90164     0.90164     0.88525     0.81967     0.63934     0.22951    0.065574]
    4: [    0.90196     0.90196     0.90196     0.90196     0.90196     0.90196     0.86275     0.80392     0.66667     0.19608]
  
Large objects:
  PrecisionResult:
  Metric target:    MetricTarget.BOXES
  Averaging method: AveragingMethod.WEIGHTED
  P @ 50:     0.0000
  P @ 75:     0.0000
  P @ thresh: [          0           0           0           0           0           0           0           0           0           0]
  IoU thresh: [        0.5        0.55         0.6        0.65         0.7        0.75         0.8        0.85         0.9        0.95]
  Precision per class:
    4: [          0           0           0           0           0           0           0           0           0           0]
  
MeanAveragePrecisionResult:
Metric target: MetricTarget.BOXES
Class agnostic: False
mAP @ 50:95: 0.5698
mAP @ 50:    0.7491
mAP @ 75:    0.6994
mAP scores: [     0.7491      0.7453     0.73616     0.73298     0.71743     0.69938      0.6481     0.43962     0.20786    0.022529]
IoU thresh: [        0.5        0.55         0.6        0.65         0.7        0.75         0.8        0.85         0.9        0.95]
AP per class:
  0: [    0.52811     0.52811     0.47329     0.47329     0.47329     0.47329     0.42243     0.14293    0.019821           0]
  1: [     0.9441      0.9441      0.9441      0.9441     0.93212     0.89816     0.83361      0.6665     0.35998    0.078751]
  2: [    0.92108     0.92108     0.92108     0.90198     0.88296     0.81978     0.69571     0.34729    0.056337   0.0035405]
  3: [    0.65292     0.65292     0.65292     0.65292     0.59808     0.59808     0.59808     0.56321     0.30426   0.0018764]
  4: [    0.87344     0.85067     0.85067     0.85067     0.85067     0.85067     0.81641     0.68833     0.45968    0.051005]
  5: [    0.57493     0.57493     0.57493     0.57493     0.56745      0.5563     0.52234     0.22946    0.047107           0]

Small objects:
  MeanAveragePrecisionResult:
  Metric target: MetricTarget.BOXES
  Class agnostic: False
  mAP @ 50:95: 0.5073
  mAP @ 50:    0.6674
  mAP @ 75:    0.6328
  mAP scores: [    0.66735     0.66735     0.65822     0.65822     0.63463     0.63279     0.60581     0.45692    0.091185  0.00039729]
  IoU thresh: [        0.5        0.55         0.6        0.65         0.7        0.75         0.8        0.85         0.9        0.95]
  AP per class:
    0: [    0.52811     0.52811     0.47329     0.47329     0.47329     0.47329     0.42243     0.14293    0.019821           0]
    1: [      0.701       0.701       0.701       0.701     0.62211     0.62211     0.62211     0.62211     0.11371           0]
    2: [    0.53539     0.53539     0.53539     0.53539     0.53539     0.53539     0.45851     0.17523    0.058922  0.00038081]
    3: [    0.66337     0.66337     0.66337     0.66337     0.60844     0.60844     0.60844     0.57135     0.30751    0.002003]
    4: [          1           1           1           1           1           1           1           1           0           0]
    5: [    0.57624     0.57624     0.57624     0.57624     0.56853      0.5575     0.52336     0.22991    0.047151           0]
  
Medium objects:
  MeanAveragePrecisionResult:
  Metric target: MetricTarget.BOXES
  Class agnostic: False
  mAP @ 50:95: 0.6975
  mAP @ 50:    0.8767
  mAP @ 75:    0.8529
  mAP scores: [    0.87667     0.87667     0.87667     0.87667     0.87271     0.85287     0.79014     0.60251     0.30066    0.048983]
  IoU thresh: [        0.5        0.55         0.6        0.65         0.7        0.75         0.8        0.85         0.9        0.95]
  AP per class:
    1: [    0.96951     0.96951     0.96951     0.96951     0.95762     0.92333     0.85835     0.67556     0.37751     0.08364]
    2: [    0.79268     0.79268     0.79268     0.79268     0.79268     0.76746     0.68772      0.4389    0.056771     0.00789]
    4: [    0.86783     0.86783     0.86783     0.86783     0.86783     0.86783     0.82437     0.69307      0.4677    0.055418]
  
Large objects:
  MeanAveragePrecisionResult:
  Metric target: MetricTarget.BOXES
  Class agnostic: False
  mAP @ 50:95: 0.0000
  mAP @ 50:    0.0000
  mAP @ 75:    0.0000
  mAP scores: [          0           0           0           0           0           0           0           0           0           0]
  IoU thresh: [        0.5        0.55         0.6        0.65         0.7        0.75         0.8        0.85         0.9        0.95]
  AP per class:
    4: [          0           0           0           0           0           0           0           0           0           0]
  
AP per class: 
[[    0.52811     0.52811     0.47329     0.47329     0.47329     0.47329     0.42243     0.14293    0.019821           0]
 [     0.9441      0.9441      0.9441      0.9441     0.93212     0.89816     0.83361      0.6665     0.35998    0.078751]
 [    0.92108     0.92108     0.92108     0.90198     0.88296     0.81978     0.69571     0.34729    0.056337   0.0035405]
 [    0.65292     0.65292     0.65292     0.65292     0.59808     0.59808     0.59808     0.56321     0.30426   0.0018764]
 [    0.87344     0.85067     0.85067     0.85067     0.85067     0.85067     0.81641     0.68833     0.45968    0.051005]
 [    0.57493     0.57493     0.57493     0.57493     0.56745      0.5563     0.52234     0.22946    0.047107           0]]
mAP scores: 
[     0.7491      0.7453     0.73616     0.73298     0.71743     0.69938      0.6481     0.43962     0.20786    0.022529]

AP@50:95 per class:
Gasschieberdeckel: 0.3535
Kanalschachtdeckel: 0.7546
Sinkkaesten: 0.6471
Unterflurhydrant: 0.5275
Versorgungsschacht: 0.7142
Wasserschieberdeckel: 0.4222

mAP@50:95: 0.5698
